5.524850488726478215e-01
5.286828489957605015e+00
-2.155762052563607156e+01
3.147626512463900017e+00
-7.697266718771460070e+00
-9.358449524519720342e+00
2.089954848721123071e+01
-8.648089322589807892e+00
2.797870509080024348e+01
1.561536451219207500e+01
3.553640944035479254e+00
-3.621224575304114524e+01
2.875087838204573032e+00
-2.948244883888845536e+01
2.968320780453369778e+01
-8.825643083028582581e+00
1.337820363781351674e+01
4.770496303516705616e+00
-6.991512928330518406e+00
1.778167409898536278e+01
-1.691230116889062529e+01
