6.846220236848945540e-01
6.911046560050801091e+00
-1.725704404259423086e+01
4.753842104648436262e+00
-3.777016412273967116e+00
-4.711548973527282413e+00
2.865259750780654713e+01
8.481838071274002688e-01
3.884822788771402458e+01
2.516748842428110322e+01
1.070469922471312429e+01
-2.867776429599620869e+01
1.117591265215039442e+01
-2.047432543521343362e+01
3.782858494112196723e+01
-6.004444265662741032e+00
1.804861544753394043e+01
9.441037770845611021e+00
-2.995063992047261259e+00
2.186855469678902963e+01
-1.341704451832382716e+01
