3.587103136294487737e-01
3.917949316842024743e+00
-2.675430794130437206e+01
2.072673739417988159e+00
-1.288404722261421753e+01
-1.500159018047994408e+01
1.367018060381725242e+01
-1.693774855227636777e+01
1.952894052017846604e+01
6.941300648431632858e+00
-3.925885557807061499e+00
-4.596104474147120555e+01
-7.414919838473916336e+00
-3.962595091730398877e+01
2.079159466561977609e+01
-1.249907832732639257e+01
1.005232252690518813e+01
9.034612338638013940e-01
-1.147499716440015760e+01
1.360280706832543096e+01
-2.016804975832841862e+01
