4.558416347513713163e+02
-1.135775834371920837e+03
6.334019788111793332e+02
-6.257102489287679418e+03
3.985906952529965110e+03
1.122729081408713682e+04
7.550979995733256510e+04
-1.789023447757750910e+04
-4.844933691593253752e+04
-1.218361700388899044e+05
-3.384507538833018043e+05
-7.961009524217221770e+04
1.828735545197708707e+05
4.622721250278184307e+05
4.684376605780230020e+05
8.760812551772709703e+05
4.166872044960021158e+05
-4.440945109325791709e+05
-5.326619227288882248e+05
-1.723393393248281209e+06
-9.648198921937609557e+05
-1.340615219260422746e+06
-7.228286321792115923e+05
1.941633897818794067e+05
9.155824103193553165e+05
1.495512335004743654e+06
2.933573601394859143e+06
1.187710017925708089e+06
1.186783079479214735e+06
6.309637455035956809e+05
4.913505435885611805e+05
-1.518473955435837386e+06
7.666994858110946370e+04
-2.868619517487076111e+06
-2.359652528538593557e+06
-8.914799995059762150e+05
-5.631656339619413484e+05
-2.980680002048379392e+05
-3.938754385638840031e+05
3.999660638393874397e+05
8.663016164680242073e+05
-4.473448497435069876e+05
2.402582337704342324e+06
7.971638349133625161e+05
3.820746699996999814e+05
1.112945094051666092e+05
6.544623369851799362e+04
2.709191867320063830e+04
2.314238061904054484e+05
-6.226881188916976098e+05
3.226100348782656947e+05
-1.350571591292894736e+05
-6.363694168517019134e+05
-6.742062107884290162e+04
-7.203959255732942256e+04
