4.453678460796696754e+02
-1.617768822875601927e+03
3.727579780709965576e+02
-1.417581047528778436e+04
-4.179425136339867208e+01
4.318477059549501064e+03
1.899019855702141285e+04
-5.117629443942441139e+04
-7.483758153201435925e+04
-1.511302393744186265e+05
-6.047889226161885308e+05
-2.196338935545842396e+05
6.875781200685664953e+04
3.080675583559504012e+05
2.320291497569693311e+05
3.344366668150599580e+05
-5.836222111544746440e+04
-6.979690381007532123e+05
-7.420568995081983740e+05
-2.070939035671444144e+06
-1.308664312556001358e+06
-2.412072787530916743e+06
-1.268538498059228994e+06
-2.558623079195835744e+05
5.079490558386963094e+05
9.902105450080998708e+05
2.170261170926180668e+06
3.111197802963608410e+05
4.807299158459778409e+05
-9.482457931980972353e+04
1.328142980659105524e+04
-1.917303576885973103e+06
-1.902843752988899359e+05
-3.229248839287736919e+06
-2.954533626690706704e+06
-1.468160651383635588e+06
-1.071953218666240573e+06
-6.595949889459337573e+05
-5.938377913300389191e+05
1.320307077488450450e+05
6.571443879736399977e+05
-6.941580143718336476e+05
2.081458619719294831e+06
3.606577465525394073e+05
2.248914550037596200e+03
3.440369874971860554e+04
-2.705304827257083525e+04
-7.344260568162129493e+04
1.375217356525358919e+05
-7.112605979389378335e+05
2.429892248623954947e+05
-2.433062550114822225e+05
-7.080739155155955814e+05
-1.432243120953549515e+05
-1.426623969278727309e+05
