4.645290570723452674e+02
-6.574530917701415547e+02
1.009617653269528205e+03
1.434013046286179588e+03
6.871951113613311463e+03
1.518857797310289970e+04
1.375043112362250686e+05
1.489363045783947746e+04
-1.636617794097187107e+04
-6.687199575684349111e+04
-1.115453058551976137e+05
1.011499725992898602e+05
2.661517010825163452e+05
5.864771762491264381e+05
5.959229119858250488e+05
1.560386458107115934e+06
7.425185105326713528e+05
-1.664737382343032223e+05
-2.343068155041835853e+05
-1.276933431519228732e+06
-3.773478680596518097e+05
-5.462789811615466606e+05
4.535453353265438636e+00
7.069929611228422727e+05
1.262137494182420196e+06
1.844894595970652066e+06
3.520104178457071073e+06
1.766307132300792728e+06
2.186099238334656227e+06
1.218949898641019128e+06
8.561585656247218139e+05
-1.088326603648829507e+06
4.509708213584186742e+05
-2.359922906705772504e+06
-1.588064865089267259e+06
-1.157171789636658214e+05
-2.119903987235735403e+05
1.016229647296204639e+05
-1.199242680645479704e+05
6.469649049376208568e+05
1.020156529301157920e+06
-2.749896934422475751e+05
2.650693949061246589e+06
1.118379684208476916e+06
6.934308183318092488e+05
2.199842276204232185e+05
1.603144254817602341e+05
9.425213294494777801e+04
3.724742701988720801e+05
-5.273628744013169780e+05
4.357444936083414359e+05
-2.550051437169797282e+04
-5.201186126311075059e+05
4.166776165861676418e+04
1.560751839536535044e+04
